20
MM_Aardvar 0.00000000  0.30256133  0.32993808  0.33645373  0.33951823  0.38628163  0.38155344  0.33906702  0.42956992  0.40675402  0.32580516  0.36738441  0.29620513  0.37517346  0.31868951  0.38518711  0.36110252  0.32362627  0.34771196  0.31752932  
MM_Armadil 0.30256133  0.00000000  0.34148203  0.32460532  0.34034244  0.39699939  0.39081182  0.33008280  0.41702792  0.39573214  0.31647447  0.37537615  0.28146294  0.40059219  0.32793721  0.32097784  0.38622743  0.31419225  0.35105149  0.29647632  
MM_Bandico 0.32993808  0.34148203  0.00000000  0.38389526  0.39453647  0.40463800  0.40836329  0.38127571  0.40949717  0.44890725  0.31414944  0.26824252  0.33371171  0.35967526  0.36266087  0.43353243  0.36871881  0.35670375  0.27586216  0.34428035  
MM_Cat.mf  0.33645373  0.32460532  0.38389526  0.00000000  0.30964133  0.38994020  0.41167902  0.32013897  0.44216613  0.40685030  0.34269462  0.40030491  0.30534515  0.41693329  0.32748022  0.36725999  0.38429775  0.34065670  0.36759938  0.32388271  
MM_Dog.mf  0.33951823  0.34034244  0.39453647  0.30964133  0.00000000  0.42477984  0.41225457  0.35253925  0.43907003  0.43330722  0.33120523  0.37165950  0.31456328  0.41208447  0.32972722  0.39920103  0.40330816  0.34202747  0.37291115  0.34445036  
MM_Echidna 0.38628163  0.39699939  0.40463800  0.38994020  0.42477984  0.00000000  0.47449584  0.39698748  0.48326370  0.47567263  0.38254957  0.39460661  0.38432173  0.25866411  0.39318849  0.43810863  0.42982506  0.40098208  0.38698782  0.40156019  
MM_Elephan 0.38155344  0.39081182  0.40836329  0.41167902  0.41225457  0.47449584  0.00000000  0.43052955  0.44216672  0.49152820  0.41173945  0.42436935  0.39264923  0.43981674  0.39508784  0.44050263  0.42821569  0.42204200  0.43145016  0.40588527  
MM_Flying_ 0.33906702  0.33008280  0.38127571  0.32013897  0.35253925  0.39698748  0.43052955  0.00000000  0.45065424  0.39513815  0.33836633  0.36436106  0.30479989  0.42164022  0.33215545  0.37720121  0.40748919  0.33472580  0.34410761  0.32423391  
MM_Hedgeho 0.42956992  0.41702792  0.40949717  0.44216613  0.43907003  0.48326370  0.44216672  0.45065424  0.00000000  0.55417955  0.39550750  0.42886940  0.42579442  0.44490877  0.39999500  0.52165128  0.43858027  0.41664957  0.47490063  0.44548313  
MM_Human.m 0.40675402  0.39573214  0.44890725  0.40685030  0.43330722  0.47567263  0.49152820  0.39513815  0.55417955  0.00000000  0.40661706  0.48121229  0.39362673  0.51248642  0.39679460  0.42198424  0.48835663  0.40241905  0.43080601  0.39138785  
MM_Mouse.m 0.32580516  0.31647447  0.31414944  0.34269462  0.33120523  0.38254957  0.41173945  0.33836633  0.39550750  0.40661706  0.00000000  0.34154523  0.32329325  0.37156187  0.33022542  0.40327615  0.39362515  0.32371771  0.34688959  0.35407206  
MM_Opossum 0.36738441  0.37537615  0.26824252  0.40030491  0.37165950  0.39460661  0.42436935  0.36436106  0.42886940  0.48121229  0.34154523  0.00000000  0.37041717  0.41166832  0.36996029  0.44259475  0.39143411  0.39064678  0.28606730  0.38287944  
MM_Pig.mf  0.29620513  0.28146294  0.33371171  0.30534515  0.31456328  0.38432173  0.39264923  0.30479989  0.42579442  0.39362673  0.32329325  0.37041717  0.00000000  0.37762977  0.32680076  0.35674616  0.38081586  0.30772399  0.34113556  0.26558612  
MM_Platypu 0.37517346  0.40059219  0.35967526  0.41693329  0.41208447  0.25866411  0.43981674  0.42164022  0.44490877  0.51248642  0.37156187  0.41166832  0.37762977  0.00000000  0.39808457  0.47842125  0.43491580  0.38601275  0.40970803  0.41453898  
MM_Rabbit. 0.31868951  0.32793721  0.36266087  0.32748022  0.32972722  0.39318849  0.39508784  0.33215545  0.39999500  0.39679460  0.33022542  0.36996029  0.32680076  0.39808457  0.00000000  0.39247808  0.39748453  0.32253907  0.34085732  0.34880050  
MM_Sloth.m 0.38518711  0.32097784  0.43353243  0.36725999  0.39920103  0.43810863  0.44050263  0.37720121  0.52165128  0.42198424  0.40327615  0.44259475  0.35674616  0.47842125  0.39247808  0.00000000  0.44077016  0.39479329  0.39277986  0.38286585  
MM_Tenrec. 0.36110252  0.38622743  0.36871881  0.38429775  0.40330816  0.42982506  0.42821569  0.40748919  0.43858027  0.48835663  0.39362515  0.39143411  0.38081586  0.43491580  0.39748453  0.44077016  0.00000000  0.42478652  0.40128151  0.37278278  
MM_Tree_sh 0.32362627  0.31419225  0.35670375  0.34065670  0.34202747  0.40098208  0.42204200  0.33472580  0.41664957  0.40241905  0.32371771  0.39064678  0.30772399  0.38601275  0.32253907  0.39479329  0.42478652  0.00000000  0.36750477  0.33248742  
MM_Wallaby 0.34771196  0.35105149  0.27586216  0.36759938  0.37291115  0.38698782  0.43145016  0.34410761  0.47490063  0.43080601  0.34688959  0.28606730  0.34113556  0.40970803  0.34085732  0.39277986  0.40128151  0.36750477  0.00000000  0.36301864  
MM_Whale.m 0.31752932  0.29647632  0.34428035  0.32388271  0.34445036  0.40156019  0.40588527  0.32423391  0.44548313  0.39138785  0.35407206  0.38287944  0.26558612  0.41453898  0.34880050  0.38286585  0.37278278  0.33248742  0.36301864  0.00000000  

