(Echidna:0.10111,(((Opossum:0.12303,Bandicoot:0.10648):0.00758,
Wallaby:0.11466):0.02049,(Mouse:0.11838,((Tenrec:0.15430,
Hedgehog:0.16605):0.01413,(Armadillo:0.12030,((Dog:0.11167,
Pig:0.10140):0.01088,((Rabbit:0.11210,Whale:0.12362):0.00473,
((((Elephant:0.12739,Sloth:0.14354):0.03137,(Aardvark:0.11255,
Tree_shrew:0.12848):0.00958):0.00263,(Human:0.16014,Cat:0.09266):0.01152):0.00661,
Flying_fox:0.12335):0.00123):0.00346):0.00743):0.00627):0.00492):0.00761):0.05777,Platypus:0.10502);
