(Echidna:0.10140,(((Opossum:0.13656,Bandicoot:0.12023):0.00203,
Wallaby:0.12363):0.02015,(Mouse:0.12929,((Tenrec:0.16498,
Hedgehog:0.19056):0.01194,((Elephant:0.18500,(Sloth:0.16007,
Armadillo:0.11357):0.01430):0.00711,((Aardvark:0.12615,Rabbit:0.13760):0.00580,
((Human:0.17568,Cat:0.11754):0.01109,((Tree_shrew:0.15473,
Dog:0.13232):0.00216,(Flying_fox:0.12206,(Pig:0.09636,Whale:0.12487):0.01648):0.01146):0.00358):0.00380):0.00123):0.00753):0.00558):0.01046):0.07430,Platypus:0.11441);
